0.106982 -0.006361
0.161387 -0.029453
-0.154172 -0.269002
-0.043245 0.035177
0.164227 -0.391316
0.461891 -0.171396
-0.030454 0.361272
-0.206886 0.037474
0.408654 0.323822
-0.320525 -0.521182
0.009432 0.172082
-0.294171 0.071528
-0.307164 -0.059653
-0.594046 0.059806
0.440628 0.203631
0.049593 -0.277015
-0.326203 0.519485
-0.266314 0.333211
0.005497 -0.772711
-0.300987 0.201854
-0.049671 0.434933
0.078913 0.548300
0.250082 0.391549
0.572377 0.293603
-0.687716 -0.201954
0.020686 -0.496925
0.349336 -0.300653
-0.710552 0.359157
-0.094034 -0.548672
-0.373801 -0.383787
-0.577816 -0.265179
0.227398 0.249343
-0.234343 0.681950
0.610149 -0.209152
-0.409439 0.758484
0.281814 -0.489416
-0.540318 0.418691
-0.086437 0.820154
0.573222 0.097594
-0.669023 -0.469976
-1.000000 -0.037321
0.600075 -0.600438
0.855235 0.075125
0.397784 -0.001459
0.352532 -0.829801
-0.252238 -0.246211
0.670301 -0.002470
-0.489447 -0.500212
-0.763740 0.015494
0.251163 0.737571
0.254002 -0.611854
0.949451 0.298591
0.914206 -0.285393
0.458841 -0.417429
-0.505402 0.506299
-0.315231 -0.749367
0.398287 0.653736
-0.691062 -0.774777
0.330698 0.456874
0.089598 0.803745